0.0 0.445 0
0.120350855973 0.449155509224 0.05
0.2425 0.420022320835 0.1
0.346482322781 0.346482322781 0.15
0.420022320835 0.2425 0.2
0.453985138356 0.121644951198 0.25
0.44 1.24641855748e-16 0.3
0.381540701384 -0.102233522815 0.35
0.28145825623 -0.1625 0.4
0.201525432638 -0.201525432638 0.45
0.1275 -0.220836477965 0.5
0.0608224755991 -0.226992569178 0.55
-6.75411512864e-17 -0.21 0.6
-0.0517638090205 -0.193185165258 0.65
-0.0975 -0.168874953738 0.7
-0.134350288425 -0.134350288425 0.75
-0.168874953738 -0.0975 0.8
-0.202844423521 -0.0543519994715 0.85
-0.22 -4.04133443719e-17 0.9
-0.231822198309 0.0621165708246 0.95
-0.220836477965 0.1275 1.0
-0.183847763109 0.183847763109 1.05
-0.1325 0.229496732003 1.1
-0.0698811421777 0.260799973098 1.15
-5.35640842796e-16 0.265 1.2
0.0672929517267 0.251140714835 1.25
0.125 0.216506350946 1.3
0.169705627485 0.169705627485 1.35
0.190525588833 0.11 1.4
0.188355536126 0.050469713795 1.45
0.165 6.36714437467e-16 1.5
0.130399986549 -0.0349405710888 1.55
0.0779422863406 -0.045 1.6
0.0282842712475 -0.0282842712475 1.65
0.0 -0.0 1.7
