0.0 0.05 0
0.0129409522551 0.0482962913145 0.05
0.025 0.0433012701892 0.1
0.0353553390593 0.0353553390593 0.15
0.0433012701892 0.025 0.2
0.0482962913145 0.0129409522551 0.25
0.05 1.41638472441e-17 0.3
0.0482962913145 -0.0129409522551 0.35
0.0433012701892 -0.025 0.4
0.0353553390593 -0.0353553390593 0.45
0.025 -0.0433012701892 0.5
0.0129409522551 -0.0482962913145 0.55
-1.60812264968e-17 -0.05 0.6
-0.0129409522551 -0.0482962913145 0.65
-0.025 -0.0433012701892 0.7
-0.0353553390593 -0.0353553390593 0.75
-0.0433012701892 -0.025 0.8
-0.0482962913145 -0.0129409522551 0.85
-0.05 -9.18485099361e-18 0.9
-0.0482962913145 0.0129409522551 0.95
