0.0 0.49 0
0.130703617777 0.487792542276 0.05
0.2575 0.446003082949 0.1
0.364159992311 0.364159992311 0.15
0.437342828911 0.2525 0.2
0.46847402575 0.125527236875 0.25
0.46 1.30307394646e-16 0.3
0.396029588779 -0.106115808492 0.35
0.285788383249 -0.165 0.4
0.197989898732 -0.197989898732 0.45
0.125 -0.216506350946 0.5
0.0595283803736 -0.222162940046 0.55
-7.07573965858e-17 -0.22 0.6
-0.055646094697 -0.207674052652 0.65
-0.105 -0.181865334795 0.7
-0.144956890143 -0.144956890143 0.75
-0.173205080757 -0.1 0.8
-0.188355536126 -0.050469713795 0.85
-0.19 -3.49024337757e-17 0.9
-0.178696277863 0.047881523344 0.95
-0.155884572681 0.09 1.0
-0.123743686708 0.123743686708 1.05
-0.085 0.147224318643 1.1
-0.0647047612756 0.241481456572 1.15
-5.55853704788e-16 0.275 1.2
0.0724693326287 0.270459231361 1.25
0.135 0.233826859022 1.3
0.173241161391 0.173241161391 1.35
0.164544826719 0.095 1.4
0.193185165258 0.0517638090205 1.45
0.21 8.10363829503e-16 1.5
0.222162940046 -0.0595283803736 1.55
0.212176223927 -0.1225 1.6
0.187383297014 -0.187383297014 1.65
0.1425 -0.246817240079 1.7
0.0802339039818 -0.29943700615 1.75
1.87983330412e-15 -0.33 1.8
-0.0647047612756 -0.241481456572 1.85
-0.05 -0.0866025403784 1.9
-0.0353553390593 -0.0353553390593 1.95
-0.0433012701892 -0.025 2.0
-0.0482962913145 -0.0129409522551 2.05
-0.05 -3.76702686865e-16 2.1
-0.0482962913145 0.0129409522551 2.15
-0.0 0.0 2.2
