0.0 0.395 0
0.107409903718 0.40085921791 0.05
0.215 0.372390923627 0.1
0.296984848098 0.296984848098 0.15
0.342080034495 0.1975 0.2
0.347733297464 0.0931748562369 0.25
0.285 8.07339292915e-17 0.3
0.231822198309 -0.0621165708246 0.35
0.168874953738 -0.0975 0.4
0.116672618896 -0.116672618896 0.45
0.075 -0.129903810568 0.5
0.0362346663144 -0.13522961568 0.55
-4.34193115413e-17 -0.135 0.6
-0.0336464758633 -0.125570357418 0.65
-0.065 -0.112583302492 0.7
-0.0954594154602 -0.0954594154602 0.75
-0.12124355653 -0.07 0.8
-0.144888873943 -0.0388228567654 0.85
-0.16 -2.93915231795e-17 0.9
-0.188355536126 0.050469713795 0.95
-0.186195461814 0.1075 1.0
-0.162634559673 0.162634559673 1.05
-0.115 0.19918584287 1.1
-0.055646094697 0.207674052652 1.15
-3.73937946857e-16 0.185 1.2
0.0349405710888 0.130399986549 1.25
0.0 0.0 1.3
