0.0 0.455 0
0.124233141649 0.463644396619 0.05
0.245 0.424352447854 0.1
0.350017856687 0.350017856687 0.15
0.424352447854 0.245 0.2
0.458814767487 0.122939046424 0.25
0.45 1.27474625197e-16 0.3
0.40085921791 -0.107409903718 0.35
0.311769145362 -0.18 0.4
0.222738636074 -0.222738636074 0.45
0.1375 -0.238156986041 0.5
0.0647047612756 -0.241481456572 0.55
-7.39736418851e-17 -0.23 0.6
-0.0543519994715 -0.202844423521 0.65
-0.1 -0.173205080757 0.7
-0.137885822331 -0.137885822331 0.75
-0.164544826719 -0.095 0.8
-0.183525906995 -0.0491756185695 0.85
-0.185 -3.39839486763e-17 0.9
-0.178696277863 0.047881523344 0.95
-0.1602146997 0.0925 1.0
-0.13081475452 0.13081475452 1.05
-0.095 0.164544826719 1.1
-0.0582342851481 0.217333310915 1.15
-5.255344118e-16 0.26 1.2
0.0698811421777 0.260799973098 1.25
0.1325 0.229496732003 1.3
0.176776695297 0.176776695297 1.35
0.173205080757 0.1 1.4
0.198014794389 0.053057904246 1.45
0.215 8.29658206396e-16 1.5
0.226992569178 -0.0608224755991 1.55
0.216506350946 -0.125 1.6
0.19091883092 -0.19091883092 1.65
0.15 -0.259807621135 1.7
0.0867043801093 -0.323585151807 1.75
1.70893936738e-15 -0.3 1.8
