0.0 0.48 0
0.1268213321 0.473303654882 0.05
0.2475 0.428682574873 0.1
0.342946788875 0.342946788875 0.15
0.411362066798 0.2375 0.2
0.449155509224 0.120350855973 0.25
0.445 1.26058240473e-16 0.3
0.405688847041 -0.108703998943 0.35
0.324759526419 -0.1875 0.4
0.222738636074 -0.222738636074 0.45
0.1375 -0.238156986041 0.5
0.0621165708246 -0.231822198309 0.55
-7.07573965858e-17 -0.22 0.6
-0.053057904246 -0.198014794389 0.65
-0.0975 -0.168874953738 0.7
-0.134350288425 -0.134350288425 0.75
-0.168874953738 -0.0975 0.8
-0.193185165258 -0.0517638090205 0.85
-0.21 -3.85763741731e-17 0.9
-0.222162940046 0.0595283803736 0.95
-0.225166604984 0.13 1.0
-0.194454364826 0.194454364826 1.05
-0.145 0.251147367097 1.1
-0.0789398087563 0.294607377018 1.15
-6.46811583754e-16 0.32 1.2
0.0867043801093 0.323585151807 1.25
0.175 0.303108891325 1.3
0.258093975133 0.258093975133 1.35
0.329089653438 0.19 1.4
0.381540701384 0.102233522815 1.45
0.0 0.0 1.5
